104.13
122.64
119.93
123.86
116.99
105.03
97.04
95.55
106.71
118.87
123.94
92.12
117.18
117.51
103.08
120.19
118.40
103.75
126.51
122.36
111.98
100.89
104.44
117.56
106.47
115.92
111.06
110.93
99.58
120.09
104.85
119.29
115.23
111.81
105.02
115.69
104.33
113.70
122.98
123.94
88.64
111.22
106.14
101.45
114.66
121.49
112.68
115.58
121.71
102.12
107.27
119.45
99.54
97.75
106.70
98.32
118.78
92.76
104.06
107.59
116.47
99.14
107.55
109.06
129.80
112.57
91.44
118.54
118.02
103.70
95.59
111.05
128.10
133.10
107.92
111.29
109.39
76.93
110.38
119.52
115.66
111.35
108.48
112.61
115.47
100.43
132.87
102.64
99.53
95.55
100.87
102.95
114.41
114.31
114.31
118.09
84.14
100.49
116.73
126.49
108.29
89.17
108.48
114.39
118.35
115.33
104.58
116.81
86.59
123.79
97.27
117.69
123.73
102.97
99.82
97.01
93.51
102.67
118.86
110.74
110.78
126.60
91.55
123.82
102.56
98.69
112.07
99.02
111.11
103.47
120.69
94.05
103.35
95.05
110.82
109.68
100.67
113.14
103.75
112.59
126.09
99.32
121.52
122.72
111.13
130.76
97.69
131.00
98.82
111.75
111.30
79.60
106.46
93.64
118.62
110.18
112.34
138.01
104.50
101.58
133.10
110.92
103.13
130.38
99.38
116.34
89.36
109.77
111.26
120.12
110.01
124.47
126.30
98.63
111.16
97.55
107.42
125.76
108.67
110.81
97.13
96.84
99.98
105.82
118.73
108.78
102.56
123.52
109.90
114.94
119.24
116.74
129.59
107.19
114.27
135.47
117.81
124.21
114.91
103.92
93.21
110.81
126.25
110.48
104.39
90.15
109.87
112.36
91.58
99.92
107.77
109.54
109.97
102.37
111.52
115.87
98.80
113.41
108.58
89.40
111.08
89.06
107.73
103.58
104.72
147.51
110.60
104.77
104.70
106.11
115.31
121.01
100.84
103.99
95.50
123.67
105.42
115.94
91.96
99.92
85.64
116.95
126.22
117.94
111.16
121.18
123.77
119.50
104.24
102.35
123.79
118.32
109.92
119.86
99.15
113.99
122.98
90.53
107.52
103.41
128.57
126.86
99.51
116.27
106.61
114.99
95.01
119.62
113.49
98.13
105.60
112.90
111.35
130.74
106.42
107.09
109.75
105.85
117.91
104.16
94.06
99.54
107.74
106.18
102.50
126.13
107.29
117.31
113.15
116.76
111.32
112.81
127.83
112.46
105.87
97.39
101.86
99.12
105.25
120.61
89.48
96.36
112.18
114.09
124.80
115.16
118.49
122.83
111.13
113.01
117.20
116.82
109.20
110.38
129.44
119.30
123.48
110.02
128.21
124.27
100.52
95.38
136.73
105.56
118.35
102.78
119.83
119.88
111.41
80.86
116.18
120.81
101.70
103.01
116.89
83.33
107.29
101.22
128.12
109.51
103.49
101.76
132.66
100.27
102.32
113.79
94.90
109.30
81.78
108.56
120.76
102.52
103.09
110.18
99.74
118.49
122.35
117.11
118.82
104.28
112.42
103.62
117.76
88.86
125.46
113.15
109.06
97.93
125.89
103.32
95.92
111.56
114.66
115.27
114.49
89.30
90.71
97.88
129.58
124.93
114.40
123.00
111.29
97.49
102.23
116.90
111.52
88.59
99.46
112.69
116.40
107.25
113.64
109.50
113.37
112.77
93.00
120.71
91.24
101.86
114.88
104.29
100.59
100.68
112.34
124.11
104.61
114.09
104.71
104.46
81.93
102.09
97.92
111.15
85.54
107.11
107.57
112.78
123.28
113.92
113.56
91.78
133.00
90.37
103.46
126.47
101.43
96.53
110.00
97.00
111.48
116.32
125.84
111.52
97.55
100.31
108.94
123.11
89.53
104.06
108.73
111.05
94.73
87.28
112.64
109.51
104.75
114.44
94.46
99.43
101.20
91.50
102.93
108.63
119.06
107.02
104.89
104.95
116.02
103.50
99.65
96.42
109.41
102.53
97.01
102.54
92.98
95.08
105.75
117.68
99.12
121.03
114.95
117.66
93.36
112.31
103.69
93.74
116.52
130.98
109.94
129.04
127.35
109.89
101.03
113.91
118.28
126.62
89.14
100.89
110.49
113.00
120.42
100.25
116.95
122.55
104.64
106.37
120.80
81.44
104.98
110.26
96.80
102.31
127.11
112.63
105.43
116.44
89.59
116.05
110.05
123.79
103.22
89.32
107.41
102.44
95.78
89.32
128.85
118.48
123.52
107.77
105.29
98.67
108.73
113.08
114.76
106.69
108.81
108.27
105.52
107.53
113.06
123.65
114.82
110.50
122.08
114.48
109.04
94.97
105.70
110.76
114.53
99.13
148.83
108.87
104.00
87.39
125.32
112.47
109.47
98.02
116.65
111.61
105.80
126.49
97.55
92.56
113.88
111.77
111.72
111.24
97.28
107.49
106.70
127.78
103.05
118.25
115.32
119.38
117.27
108.02
107.16
116.99
112.02
111.19
113.58
128.62
117.78
115.01
117.87
105.85
113.96
107.19
102.20
126.24
109.46
90.60
125.74
116.47
103.23
107.25
105.69
99.80
116.62
96.35
108.55
112.43
124.13
107.85
103.57
107.31
122.72
126.58
109.57
100.48
108.81
102.81
102.28
134.38
97.51
115.41
102.79
95.61
89.65
96.88
113.58
98.23
118.44
96.14
124.09
102.24
121.32
95.20
121.99
99.72
112.65
120.93
104.91
85.40
111.85
102.85
102.76
95.48
116.70
106.88
100.03
113.25
104.41
117.58
103.38
87.34
126.41
118.22
97.63
104.22
128.68
104.17
115.70
117.06
95.32
92.26
121.72
118.49
100.95
108.80
124.75
113.76
121.02
128.01
116.80
121.87
124.82
118.65
110.60
113.61
125.06
115.01
113.05
124.39
134.43
116.34
109.90
125.67
122.29
105.46
121.71
108.58
120.68
100.68
113.20
100.18
115.77
115.42
119.10
108.53
105.72
92.78
117.10
115.78
112.06
113.35
128.36
100.74
119.21
92.98
104.00
120.57
98.24
115.58
93.34
111.23
129.83
128.66
105.50
105.87
125.05
96.61
126.51
121.71
110.20
79.62
109.92
93.03
98.10
98.68
105.22
101.86
99.37
90.17
87.65
111.64
119.26
112.16
109.34
111.59
118.40
113.62
114.86
122.53
85.54
109.08
103.04
118.94
108.67
120.18
118.65
112.47
101.30
102.26
108.19
96.26
122.74
108.88
120.89
117.95
123.66
136.58
125.54
119.13
121.92
114.01
119.41
122.19
116.92
116.67
106.55
91.46
90.67
93.09
130.76
80.10
109.28
128.45
107.98
120.19
96.29
117.82
95.13
113.38
116.04
104.01
104.38
109.06
88.53
98.74
119.45
106.84
100.89
106.19
122.59
120.08
113.90
116.41
115.70
117.00
92.58
94.34
111.66
129.40
118.35
132.73
95.63
107.43
103.83
94.62
121.99
112.66
112.19
81.97
108.14
117.38
81.78
123.12
94.82
136.01
120.89
113.73
115.89
113.59
125.42
117.94
112.13
95.39
100.73
96.81
108.25
111.63
121.91
101.44
108.76
105.21
100.41
96.36
118.34
105.79
111.97
122.53
116.75
118.90
106.51
100.63
114.01
123.16
94.75
114.19
116.47
98.40
108.94
105.42
108.10
115.62
100.07
115.41
121.94
106.79
115.68
109.25
118.03
120.68
101.67
124.29
94.46
93.22
96.50
126.46
107.30
104.13
108.41
112.94
101.63
107.35
100.79
121.46
106.22
99.96
107.76
111.94
95.95
117.84
121.13
101.11
84.06
119.62
107.33
106.80
101.00
83.76
109.17
129.54
88.38
101.47
100.62
98.65
111.56
101.19
128.55
113.94
115.89
125.15
113.19
105.25
117.01
92.92
87.11
107.52
111.55
105.38
99.86
119.64
106.51
106.55
97.13
110.81
112.64
100.75
110.04
99.55
128.18
136.47
119.28
109.85
107.56
95.00
120.42
99.08
112.77
125.55
130.55
113.27
123.20
113.81
84.72
109.23
119.99
101.54
118.06
113.59
132.59
97.59
96.42
114.27
117.98
100.88
111.50
105.30
109.00
117.64
118.82
102.97
121.26
106.09
114.20
123.69
103.61
106.44
103.94
100.36
115.48
132.82
109.64
122.39
120.76
116.67
103.89
107.77
106.40
106.85
109.77
108.20
94.77
109.02
116.28
126.32
114.29
117.48
112.56
113.06
103.09
131.60
124.73
103.28
122.43
116.10
119.70
99.97
105.00
108.98
96.17
86.83
111.43
118.33
110.18
106.39
100.93
97.49
119.55
133.50
115.99
120.17
92.91
102.05
113.27
115.20
109.99
125.28
105.49
109.10
131.87
103.98
127.25
95.19
97.50
94.12
121.13
120.10
111.24
114.78
107.12
98.03
103.88
106.74
119.47
120.85
115.47
122.13
122.37
108.41
117.13
123.10
110.73
95.44
106.89
108.16
103.07
104.87
114.61
129.54
94.41
78.50
93.66
109.40
106.81
106.22
110.43
92.03
94.93
119.48
109.97
99.77
104.77
120.85
105.49
108.90
109.80
117.54
106.74
118.22
101.82
132.08
129.89
112.16
108.31
134.65
112.72
115.69
113.02
109.42
100.55
116.69
110.43
116.28
112.14
117.75
109.65
120.61
77.84
108.06
105.51
116.45
97.52
110.30
128.86
111.97
91.68
127.92
98.85
102.68
109.27
112.75
106.94
111.99
119.99
115.72
130.83
96.37
99.66
100.68
94.95
105.35
125.47
92.31
99.76
96.53
103.53
91.70
101.22
119.19
104.26
94.73
101.78
80.99
109.01
109.66
114.88
94.04
118.06
104.70
123.77
111.44
129.32
123.19
108.51
133.74
105.72
105.54
117.30
87.14
112.27
110.94
105.52
86.26
111.09
105.92
99.61
98.44
107.61
106.94
103.94
110.18
105.31
105.36
98.52
129.56
90.27
83.05
103.30
106.46
94.74
99.61
98.87
95.17
99.84
111.18
127.69
100.37
117.46
105.24
122.31
96.14
115.02
122.63
118.21
97.59
105.14
113.29
101.35
97.84
91.35
125.02
106.62
102.88
129.66
115.58
114.73
102.65
124.75
97.00
116.18
97.95
125.36
119.37
102.89
95.55
139.37
113.38
121.16
111.89
119.18
127.20
111.35
122.98
106.69
101.38
98.43
120.11
113.01
112.07
76.81
80.98
126.18
109.43
115.91
121.27
103.13
115.69
126.39
106.03
103.55
85.35
125.70
118.08
113.60
110.10
94.92
100.91
108.49
105.19
91.86
126.89
122.67
114.06
120.32
106.26
105.25
132.43
103.03
87.29
106.69
107.57
102.62
112.81
98.33
112.02
112.04
123.22
107.88
115.24
111.29
130.83
98.22
105.12
108.55
113.13
97.23
101.53
116.80
123.19
118.33
142.07
113.21
83.20
117.51
119.08
101.13
102.33
108.98
81.51
113.12
86.92
85.36
91.03
116.01
127.30
99.41
138.08
110.61
110.62
111.56
117.53
121.91
98.31
87.98
112.34
113.36
112.70
112.72
123.31
111.08
110.70
119.71
120.59
116.64
133.56
102.27
118.23
101.15
97.48
101.81
129.45
103.03
99.24
94.26
120.96
111.56
121.03
104.54
90.32
104.39
139.60
117.85
118.64
98.26
111.21
111.55
129.85
125.10
127.16
105.59
107.92
106.08
101.82
112.53
101.05
96.92
100.32
111.63
93.51
89.08
93.62
101.96
100.63
102.97
120.49
90.60
139.61
129.17
102.58
121.84
105.39
109.77
118.26
117.90
101.49
111.06
93.59
98.39
99.59
106.93
97.42
102.94
120.81
83.63
111.42
111.18
89.79
111.21
93.40
117.61
107.10
111.22
107.50
85.98
79.18
118.73
108.60
106.58
95.18
106.92
110.67
127.52
110.84
110.41
117.17
80.15
118.57
109.71
103.03
125.00
99.05
113.85
124.41
103.37
102.34
107.30
106.79
113.83
94.26
107.63
127.71
104.10
124.44
116.19
115.11
105.93
107.55
80.55
114.11
104.88
96.77
116.19
115.13
99.53
98.27
111.45
106.15
90.42
115.89
89.94
119.14
99.60
128.24
108.52
102.00
121.56
114.67
127.36
107.36
96.24
113.48
102.58
120.36
118.62
109.50
95.72
131.53
126.92
103.04
121.39
115.62
102.72
116.61
74.74
113.34
112.19
119.70
125.15
94.41
122.95
99.13
100.39
93.88
120.55
100.50
99.69
109.39
93.78
114.84
117.36
115.29
108.09
93.02
116.49
101.32
113.31
120.79
118.37
122.01
127.68
97.36
88.81
102.18
95.91
86.85
112.39
112.52
106.43
118.02
98.81
113.88
117.78
103.56
98.53
111.29
100.76
110.38
107.05
117.51
105.33
118.82
117.22
121.36
97.41
102.57
101.02
126.16
108.01
116.14
127.45
120.07
133.58
122.96
123.81
107.83
140.42
83.31
120.76
102.94
99.66
78.54
133.84
116.77
105.65
117.51
92.98
121.03
96.00
124.47
104.62
111.62
112.35
100.84
107.37
113.10
81.70
118.51
106.57
117.73
110.70
137.66
